---------------------
  #    meV     cm^-1
---------------------
  0      2.09     16.84
  1      2.81     22.68
  2      3.58     28.84
  3      5.58     44.97
  4     12.55    101.23
  5     13.91    112.23
  6     22.34    180.18
  7     28.96    233.54
  8     39.77    320.78
  9     66.39    535.44
 10     82.91    668.74
 11    122.73    989.88
 12    129.11    1041.35
 13    132.83    1071.35
 14    146.35    1180.41
 15    147.02    1185.79
 16    163.08    1315.30
 17    167.12    1347.91
 18    172.83    1394.01
 19    205.76    1659.56
 20    340.05    2742.67
 21    348.73    2812.68
 22    359.77    2901.73
 23    465.18    3751.94
---------------------
Zero-point energy: 1.58932 eV
