---------------------
  #    meV     cm^-1
---------------------
  0      4.31     34.79
  1      5.79     46.74
  2     14.77    119.15
  3     19.80    159.72
  4     28.46    229.53
  5     30.29    244.28
  6     65.72    530.09
  7     86.10    694.46
  8     99.77    804.73
  9    115.35    930.33
 10    115.67    932.95
 11    139.85    1127.96
 12    159.85    1289.28
 13    169.05    1363.47
 14    199.04    1605.34
 15    376.97    3040.47
 16    382.09    3081.76
 17    395.02    3186.09
---------------------
Zero-point energy: 1.201804 eV
