---------------------
  #    meV     cm^-1
---------------------
  0      2.37     19.11
  1      9.32     75.20
  2     13.39    108.00
  3     23.54    189.83
  4     27.98    225.65
  5     34.85    281.08
  6     37.01    298.53
  7     58.79    474.15
  8     97.45    786.00
  9    107.82    869.63
 10    125.94    1015.78
 11    132.96    1072.37
 12    138.79    1119.43
 13    154.58    1246.80
 14    164.20    1324.38
 15    167.35    1349.79
 16    176.69    1425.08
 17    177.56    1432.09
 18    180.19    1453.34
 19    365.74    2949.86
 20    366.19    2953.54
 21    370.81    2990.77
 22    375.56    3029.13
 23    377.26    3042.82
---------------------
Zero-point energy: 1.841992 eV
