---------------------
  #    meV     cm^-1
---------------------
  0      6.86     55.34
  1      7.61     61.36
  2     11.03     89.00
  3     22.67    182.84
  4     29.60    238.74
  5     30.24    243.91
  6     44.30    357.30
  7     58.09    468.50
  8     85.23    687.44
  9     97.93    789.85
 10    106.20    856.56
 11    123.48    995.97
 12    146.33    1180.20
 13    156.27    1260.38
 14    171.21    1380.92
 15    178.21    1437.34
 16    373.39    3011.58
 17    378.42    3052.17
---------------------
Zero-point energy: 1.013537 eV
