---------------------
  #    meV     cm^-1
---------------------
  0      4.57     36.89
  1      9.88     79.69
  2     10.05     81.06
  3     21.56    173.88
  4     27.02    217.96
  5     31.27    252.22
  6     37.32    301.01
  7     57.09    460.48
  8     95.96    773.96
  9    106.00    854.98
 10    124.94    1007.72
 11    133.15    1073.92
 12    138.54    1117.43
 13    155.41    1253.45
 14    164.87    1329.75
 15    167.39    1350.07
 16    176.83    1426.19
 17    177.76    1433.70
 18    180.48    1455.63
 19    364.65    2941.13
 20    366.86    2958.90
 21    369.29    2978.49
 22    376.40    3035.89
 23    377.29    3043.08
---------------------
Zero-point energy: 1.832356 eV
