---------------------
  #    meV     cm^-1
---------------------
  0      7.61     61.38
  1     12.19     98.30
  2     15.65    126.23
  3     21.02    169.54
  4     27.19    219.32
  5     41.06    331.13
  6     63.17    509.47
  7     90.96    733.66
  8    103.26    832.81
  9    109.03    879.35
 10    118.62    956.76
 11    143.70    1158.98
 12    154.21    1243.80
 13    168.33    1357.68
 14    178.91    1443.04
 15    367.56    2964.60
 16    370.80    2990.68
 17    388.64    3134.56
---------------------
Zero-point energy: 1.190952 eV
