---------------------
  #    meV     cm^-1
---------------------
  0      3.07     24.73
  1      9.25     74.57
  2     14.87    119.96
  3     17.01    137.19
  4     18.22    146.98
  5     26.11    210.62
  6     27.07    218.36
  7     45.33    365.65
  8     47.72    384.93
  9     73.27    590.99
 10     95.84    773.02
 11    104.79    845.15
 12    133.50    1076.73
 13    140.44    1132.73
 14    146.67    1182.96
 15    158.41    1277.64
 16    161.91    1305.88
 17    204.18    1646.79
 18    378.45    3052.40
 19    382.34    3083.81
 20    469.24    3784.67
---------------------
Zero-point energy: 1.328851 eV
