---------------------
  #    meV     cm^-1
---------------------
  0      7.43     59.90
  1     10.02     80.79
  2     12.85    103.63
  3     16.72    134.84
  4     21.44    172.96
  5     31.74    256.04
  6     35.20    283.91
  7     47.75    385.12
  8     60.27    486.10
  9     89.73    723.71
 10     91.25    736.00
 11    102.56    827.23
 12    120.16    969.16
 13    137.26    1107.06
 14    147.16    1186.94
 15    154.95    1249.77
 16    169.10    1363.89
 17    190.84    1539.23
 18    372.51    3004.49
 19    387.66    3126.71
 20    446.51    3601.31
---------------------
Zero-point energy: 1.32656 eV
