---------------------
  #    meV     cm^-1
---------------------
  0      3.95     31.85
  1      6.55     52.81
  2      6.79     54.80
  3      8.71     70.24
  4     10.42     84.06
  5     15.18    122.43
  6     19.63    158.32
  7     62.69    505.67
  8     85.69    691.10
  9    115.57    932.15
 10    131.52    1060.78
 11    134.47    1084.55
 12    162.17    1307.97
 13    170.09    1371.87
 14    172.33    1389.91
 15    174.27    1405.60
 16    205.76    1659.58
 17    357.84    2886.15
 18    363.87    2934.78
 19    370.49    2988.19
 20    381.56    3077.48
---------------------
Zero-point energy: 1.47005 eV
