---------------------
  #    meV     cm^-1
---------------------
  0      1.24      9.99
  1      2.66     21.45
  2      5.50     44.39
  3      9.84     79.39
  4     14.66    118.25
  5     16.45    132.68
  6     18.02    145.31
  7     62.19    501.62
  8     88.02    709.93
  9    111.11    896.17
 10    132.00    1064.69
 11    136.25    1098.90
 12    162.99    1314.60
 13    169.40    1366.33
 14    171.06    1379.72
 15    173.81    1401.87
 16    207.03    1669.82
 17    356.08    2871.97
 18    363.68    2933.25
 19    372.69    3005.96
 20    379.44    3060.38
---------------------
Zero-point energy: 1.476452 eV
