---------------------
  #    meV     cm^-1
---------------------
  0      2.69     21.72
  1      3.70     29.81
  2      5.65     45.54
  3     10.24     82.55
  4     12.05     97.17
  5     16.58    133.71
  6     23.95    193.15
  7     26.76    215.84
  8     40.45    326.24
  9     67.33    543.08
 10     83.19    670.97
 11    122.96    991.71
 12    128.84    1039.14
 13    132.40    1067.90
 14    146.64    1182.71
 15    146.78    1183.83
 16    163.33    1317.31
 17    168.04    1355.35
 18    173.15    1396.58
 19    206.03    1661.76
 20    347.36    2801.64
 21    348.76    2812.96
 22    359.47    2899.29
 23    466.30    3760.96
---------------------
Zero-point energy: 1.599471 eV
