---------------------
  #    meV     cm^-1
---------------------
  0      5.91     47.69
  1     10.69     86.25
  2     12.53    101.07
  3     24.90    200.83
  4     28.89    233.04
  5     35.11    283.15
  6     44.91    362.19
  7     57.23    461.61
  8     81.68    658.81
  9     98.77    796.62
 10    105.43    850.32
 11    123.54    996.38
 12    143.73    1159.24
 13    155.89    1257.31
 14    169.34    1365.80
 15    177.88    1434.72
 16    373.54    3012.79
 17    384.20    3098.78
---------------------
Zero-point energy: 1.017083 eV
